TIME03: 0.000037
TIME97: 75.018918
TIME0: 0.000002
TIME100: 86397.572828
COUNT03: 2.000000
COUNT97: 918.000000
COUNT0: 2.000000
COUNT100: 711783.000000
DENSITY03: 1.053033
DENSITY97: 54054.054054
DENSITY0: 0.019992
DENSITY1001000000.000000
TIMEMEAN:41.6781
TIMESTDDEV:610.095
TIMEMAXDEV: 86355.9
COUNTMEAN 91.6736
COUNTSTD: 1265.96
COUNTMAXDEV: 711691
DENSITYMEAN: 4579.65
DENSITYSTDDEV: 19085.2
DENSITYMAXDEV: 995420
